Best trial:
  Value: 0.6421295433364399
  Params:
    dropout: 0.4987254845683652
    learning_rate: 0.03156645513840281
    weight_decay: 0.00012182176891658367
