Best trial:
  Value: 0.8393141945773525
  Params:
    alpha: 0.05418428673699181
    theta: 0.08265208169263076
    dropout: 0.3116011294854171
    learning_rate: 0.023746320334163337
    weight_decay: 4.8072333770133375e-05
