Best trial:
  Value: 0.86817738791423
  Params:
    alpha: 0.026014568310015817
    theta: 0.035785712989172797
    dropout: 0.43218042194161665
    learning_rate: 0.022588327137050772
    weight_decay: 3.253811985982659e-05
