Best trial:
  Value: 0.6991187240116676
  Params:
    alpha: 0.05036127310971465
    theta: 0.03646009978919189
    dropout: 0.06094307872655868
    learning_rate: 0.04327519056607843
    weight_decay: 0.06804182455829969
