Best trial:
  Value: 0.6653914259086673
  Params:
    alpha: 4.4335635220005
    theta: 6.469011504523499
    dropout: 0.13193609334803102
    learning_rate: 0.02774222899968889
    weight_decay: 0.0009730604663361512
